set S :=
1
2
3
4
5
6
7
8
9
10
11
12
13
14
15
16
17
18
19
20
21
22
23
24
25
26
27
28
29
30
31
32
33
34
35
36
37
38
39
40
41
42
43
44
45
46
47
48
49
50
51
52
53
54
55
56
57
58
59
60
61
62
63
64
65
66
67
68
69
70
71
72
73
74
75
76
77
78
79
80
81
82
83
84
85
86
87
88
89
90
91
92
93
94
95
96
97
98
99
100
;

set K := 
1
2
3
;

param Ck := 
1	450
2	500
3	1000
;


# 1 er MCR-grense, 4 er SCR-grense.
param fact := 
1	0.7					
2	0.1
3	0.2
;

param p := 
1	0.007534636
2	0.007642496
3	0.007694041
4	0.007709167
5	0.007773043
6	0.007930923
7	0.007992133
8	0.008028653
9	0.008044244
10	0.008127291
11	0.008148957
12	0.008162823
13	0.00818022
14	0.00821016
15	0.008218946
16	0.008265166
17	0.008355046
18	0.008371893
19	0.008380633
20	0.00840327
21	0.008455444
22	0.00862785
23	0.008653758
24	0.00876327
25	0.008804303
26	0.008814989
27	0.008828097
28	0.008829185
29	0.008851998
30	0.008956606
31	0.008959865
32	0.008963326
33	0.008974475
34	0.009013858
35	0.009021203
36	0.009051824
37	0.009106428
38	0.009157838
39	0.009175984
40	0.009183913
41	0.009289151
42	0.009293367
43	0.009295552
44	0.009322373
45	0.009333157
46	0.00933795
47	0.009387392
48	0.009423383
49	0.009502663
50	0.009522212
51	0.009522512
52	0.009528323
53	0.00956778
54	0.009571654
55	0.009625582
56	0.009667326
57	0.009755966
58	0.009770609
59	0.009772655
60	0.009798595
61	0.009831702
62	0.009919384
63	0.009923956
64	0.009983651
65	0.010008255
66	0.010034156
67	0.010069688
68	0.010136475
69	0.01018723
70	0.010194507
71	0.010263502
72	0.010268917
73	0.010330165
74	0.01045567
75	0.010545365
76	0.010557973
77	0.010559943
78	0.010561367
79	0.010768855
80	0.010867167
81	0.010892966
82	0.01089811
83	0.010962771
84	0.011000285
85	0.011091918
86	0.011094781
87	0.011141464
88	0.011158129
89	0.011293622
90	0.011443332
91	0.011479463
92	0.011526382
93	0.01180796
94	0.012081567
95	0.012289875
96	0.013029537
97	0.013704887
98	0.019035419
99	0.019242641
100	0.019799813
;

param p2 :=	
1	0.007689275
2	0.007797136
3	0.00784868
4	0.007863806
5	0.007927682
6	0.008085562
7	0.008146772
8	0.008183292
9	0.008198883
10	0.00828193
11	0.008303596
12	0.008317462
13	0.008334859
14	0.008364799
15	0.008373585
16	0.008419806
17	0.008509685
18	0.008526533
19	0.008535272
20	0.008557909
21	0.008610083
22	0.008782489
23	0.008808398
24	0.008917909
25	0.008958943
26	0.008969628
27	0.008982736
28	0.008983824
29	0.009006637
30	0.009111245
31	0.009114504
32	0.009117966
33	0.009129114
34	0.009168498
35	0.009175843
36	0.009206463
37	0.009261067
38	0.009312477
39	0.009330623
40	0.009338552
41	0.00944379
42	0.009448006
43	0.009450191
44	0.009477012
45	0.009487796
46	0.009492589
47	0.009542031
48	0.009578022
49	0.009657302
50	0.009676851
51	0.009677151
52	0.009682963
53	0.009722419
54	0.009726293
55	0.009780221
56	0.009821965
57	0.009910605
58	0.009925248
59	0.009927294
60	0.009953234
61	0.009986341
62	0.010074023
63	0.010078595
64	0.01013829
65	0.010162894
66	0.010188795
67	0.010224327
68	0.010291114
69	0.01034187
70	0.010349146
71	0.010418142
72	0.010423556
73	0.010484804
74	0.010610309
75	0.010700005
76	0.010712612
77	0.010714582
78	0.010716006
79	0.010923495
80	0.011021806
81	0.011047605
82	0.011052749
83	0.01111741
84	0.011154925
85	0.011246558
86	0.011249421
87	0.011296103
88	0.011312768
89	0.011448261
90	0.011597971
91	0.011634103
92	0.011681021
93	0.011962599
94	0.012236206
95	0.012444514
96	0.013184176
97	0.013859526
98	0.014035419
99	0.014242641
100	0.014799813
;	
	
param p3 := 	
1	0.004596491
2	0.004704352
3	0.004755897
4	0.004771023
5	0.004834898
6	0.004992779
7	0.005053989
8	0.005090509
9	0.0051061
10	0.005189147
11	0.005210813
12	0.005224679
13	0.005242076
14	0.005272016
15	0.005280802
16	0.005327022
17	0.005416902
18	0.005433749
19	0.005442489
20	0.005465126
21	0.005517299
22	0.005689706
23	0.005715614
24	0.005825125
25	0.005866159
26	0.005876845
27	0.005889953
28	0.00589104
29	0.005913854
30	0.006018462
31	0.00602172
32	0.006025182
33	0.006036331
34	0.006075714
35	0.006083059
36	0.006113679
37	0.006168283
38	0.006219693
39	0.006237839
40	0.006245769
41	0.006351007
42	0.006355223
43	0.006357407
44	0.006384229
45	0.006395013
46	0.006399805
47	0.006449247
48	0.006485238
49	0.006564519
50	0.006584068
51	0.006584367
52	0.006590179
53	0.006629636
54	0.00663351
55	0.006687437
56	0.006729182
57	0.006817822
58	0.006832465
59	0.00683451
60	0.00686045
61	0.006893558
62	0.006981239
63	0.006985811
64	0.007045507
65	0.00707011
66	0.007096012
67	0.007131544
68	0.007198331
69	0.007249086
70	0.007256363
71	0.007325358
72	0.007330773
73	0.007392021
74	0.007517525
75	0.007607221
76	0.007619828
77	0.007621798
78	0.007623222
79	0.007830711
80	0.007929023
81	0.007954821
82	0.007959966
83	0.008024626
84	0.008062141
85	0.008153774
86	0.008156637
87	0.008203319
88	0.008219985
89	0.008355478
90	0.008505188
91	0.008541319
92	0.008588237
93	0.008869815
94	0.009143423
95	0.009351731
96	0.010091393
97	0.010766742
98	0.114035419
99	0.114242641
100	0.114799813
;	



